//Processing Used
//Shapes2.pde by Janne Wald -8-31-2018

size(650,550);

fill(225,225,0);
rect(20,20,110,110);
rect(180,20,110,110,10);
rect(340,20,110,110,20,10,30,40);
rect(500,40,110,80);

fill(255,0,0);
ellipse(80,240,110,110);
ellipse(245,240,110,80);
ellipse(400,240,80,110);

fill(0,0,255);
triangle(500,300,560,180,620,300);
triangle(20,420,40,330,130,450);

fill(0,250,250);
quad(180,340,300,340,300,370,180,450);
quad(400,340,440,400,400,460,360,400);
quad(500,340,620,400,500,460,550,400);
